genre,avg_duration,running_total_duration,moving_avg_duration
Action,112.88,112.88,112.88
Adventure,101.87,214.75,107.38
Comedy,102.62,317.37,105.79
Crime,107.05,424.42,106.11
Drama,106.77,531.19,106.24
Family,100.97,632.16,105.36
Fantasy,105.14,737.30,105.33
Horror,92.72,830.02,103.75
Mystery,101.80,931.82,103.54
Others,100.16,1031.98,103.20
Romance,109.53,1141.51,103.78
Sci-Fi,97.94,1239.45,102.42
Thriller,101.58,1341.03,102.39
